{
  "advancedEditorSelectedIdentifier" : "ProjectBrowser",
  "openSceneRelativePaths" : [
    "Immersive.usda",
    "Scene.usda"
  ],
  "recentIdentifiers" : {
    "D66134B1-3681-4A8E-AFE5-29F257229F3B" : [

    ]
  },
  "sceneCameraHistory" : {
    "AF09ED6F-1707-48FD-8720-65B998362C09" : [
      {
        "date" : 732164724.133245,
        "title" : "Untitled",
        "transform" : [
          0.99947584,
          0,
          -0.03237349,
          0,
          -0.016186776,
          0.86602485,
          -0.4997388,
          0,
          0.028036248,
          0.5000009,
          0.8655709,
          0,
          1.1253022,
          3.5657706,
          0.68768334,
          1
        ]
      },
      {
        "date" : 732164711.443805,
        "title" : "Untitled",
        "transform" : [
          0.9999811,
          0,
          -0.006149253,
          0,
          -0.003074632,
          0.86602485,
          -0.49999145,
          0,
          0.0053254054,
          0.5000009,
          0.86600846,
          0,
          -0.6813598,
          3.9946432,
          2.2926767,
          1
        ]
      },
      {
        "date" : 732164709.737541,
        "title" : "Untitled",
        "transform" : [
          0.9999811,
          0,
          -0.006149253,
          0,
          -0.003074632,
          0.86602485,
          -0.49999145,
          0,
          0.0053254054,
          0.5000009,
          0.86600846,
          0,
          -0.64252937,
          5.1161942,
          1.6448963,
          1
        ]
      },
      {
        "date" : 732164691.734489,
        "title" : "Untitled",
        "transform" : [
          0.9999811,
          0,
          -0.006149253,
          0,
          -0.003074632,
          0.86602485,
          -0.49999145,
          0,
          0.0053254054,
          0.5000009,
          0.86600846,
          0,
          -0.82327783,
          2.1494064,
          0.33091736,
          1
        ]
      },
      {
        "date" : 732164688.216053,
        "title" : "Untitled",
        "transform" : [
          0.9999811,
          0,
          -0.006149253,
          0,
          -0.003074632,
          0.86602485,
          -0.49999145,
          0,
          0.0053254054,
          0.5000009,
          0.86600846,
          0,
          -0.3286061,
          3.6627111,
          4.4772167,
          1
        ]
      },
      {
        "date" : 732164686.918917,
        "title" : "Untitled",
        "transform" : [
          0.9999878,
          0,
          -0.004943827,
          0,
          -0.0024719182,
          0.86602485,
          -0.49999478,
          0,
          0.004281477,
          0.5000009,
          0.86601424,
          0,
          -0.09260785,
          1.8961408,
          -0.7110019,
          1
        ]
      },
      {
        "date" : 732164676.410019,
        "title" : "Untitled",
        "transform" : [
          0.9999878,
          0,
          -0.004943827,
          0,
          -0.0024719182,
          0.86602485,
          -0.49999478,
          0,
          0.004281477,
          0.5000009,
          0.86601424,
          0,
          -0.2733081,
          3.1783335,
          3.0542068,
          1
        ]
      },
      {
        "date" : 732147867.879444,
        "title" : "Untitled",
        "transform" : [
          1,
          0,
          0,
          0,
          0,
          0.86602485,
          -0.5000009,
          0,
          0,
          0.5000009,
          0.86602485,
          0,
          -0.15774325,
          1.6688819,
          0.1565094,
          1
        ]
      },
      {
        "date" : 732147863.415002,
        "title" : "Untitled",
        "transform" : [
          1,
          0,
          0,
          0,
          0,
          0.86602485,
          -0.5000009,
          0,
          0,
          0.5000009,
          0.86602485,
          0,
          0.10461911,
          2.4097877,
          -0.2712531,
          1
        ]
      },
      {
        "date" : 732147858.067839,
        "title" : "Untitled",
        "transform" : [
          1,
          0,
          0,
          0,
          0,
          0.86602485,
          -0.5000009,
          0,
          0,
          0.5000009,
          0.86602485,
          0,
          -0.11532394,
          1.7870779,
          0.08827019,
          1
        ]
      }
    ],
    "D66134B1-3681-4A8E-AFE5-29F257229F3B" : [
      {
        "date" : 732161756.459069,
        "title" : "Untitled",
        "transform" : [
          0.9999979,
          2.0626334e-11,
          -0.0020307985,
          0,
          -0.001120822,
          0.8339024,
          -0.55191076,
          0,
          0.0016934875,
          0.55191195,
          0.83390063,
          0,
          -0.107787095,
          2.5090969,
          2.613824,
          1
        ]
      },
      {
        "date" : 732161741.156214,
        "title" : "Untitled",
        "transform" : [
          0.9999979,
          2.0626334e-11,
          -0.0020307985,
          0,
          -0.001120822,
          0.8339024,
          -0.55191076,
          0,
          0.0016934875,
          0.55191195,
          0.83390063,
          0,
          0.038261443,
          1.0778444,
          1.0671358,
          1
        ]
      },
      {
        "date" : 732140829.528617,
        "title" : "Untitled",
        "transform" : [
          0.9999979,
          2.0626334e-11,
          -0.0020307985,
          0,
          -0.001120822,
          0.8339024,
          -0.55191076,
          0,
          0.0016934875,
          0.55191195,
          0.83390063,
          0,
          -0.0027717005,
          0.9019467,
          1.1836362,
          1
        ]
      },
      {
        "date" : 732140664.675399,
        "title" : "Untitled",
        "transform" : [
          0.9999979,
          2.0626334e-11,
          -0.0020307985,
          0,
          -0.001120822,
          0.8339024,
          -0.55191076,
          0,
          0.0016934875,
          0.55191195,
          0.83390063,
          0,
          -0.0017550401,
          1.2332785,
          1.684257,
          1
        ]
      },
      {
        "date" : 732140660.630845,
        "title" : "Untitled",
        "transform" : [
          0.9999979,
          2.0626334e-11,
          -0.0020307985,
          0,
          -0.001120822,
          0.8339024,
          -0.55191076,
          0,
          0.0016934875,
          0.55191195,
          0.83390063,
          0,
          -0.000975986,
          1.487174,
          2.0678782,
          1
        ]
      },
      {
        "date" : 732140648.155055,
        "title" : "Untitled",
        "transform" : [
          0.999997,
          1.664951e-11,
          -0.0024075892,
          0,
          -0.0013704944,
          0.8221719,
          -0.56923753,
          0,
          0.0019794523,
          0.5692392,
          0.82216954,
          0,
          0.0008912608,
          1.7073114,
          2.2289248,
          1
        ]
      },
      {
        "date" : 732140638.260315,
        "title" : "Untitled",
        "transform" : [
          0.99999994,
          0,
          0,
          0,
          0,
          0.8660254,
          -0.49999994,
          0,
          0,
          0.49999994,
          0.8660254,
          0,
          -0.02254834,
          0.9008535,
          2.420649,
          1
        ]
      },
      {
        "date" : 732140632.86349,
        "title" : "Untitled",
        "transform" : [
          0.99999994,
          0,
          0,
          0,
          0,
          0.8660254,
          -0.49999994,
          0,
          0,
          0.49999994,
          0.8660254,
          0,
          -0.1116461,
          2.4136145,
          4.098151,
          1
        ]
      },
      {
        "date" : 732140619.723239,
        "title" : "Untitled",
        "transform" : [
          0.99999994,
          0,
          -0,
          0,
          -0,
          0.8660254,
          -0.49999994,
          0,
          0,
          0.49999994,
          0.8660254,
          0,
          0,
          0.18941401,
          0.32827467,
          1
        ]
      }
    ]
  },
  "selectedSceneRelativePath" : "Immersive.usda"
}